10104,10104
10146,10146
10345,10345
10509,10509
10530,10530
10558,10558
10597,10597
10660,10660
10784,10784
10937,10937
11010,11010
11026,11026
11056,11056
11100,11100
11144,11144
11219,11219
11266,11266
1156,1156
11708,11708
11713,11713
11717,11717
11798,11798
11902,11902
11967,11967
12048,12048
12063,12063
1218,1218
12192,12192
1237,1237
12490,12490
12653,12653
12775,12775
12810,12810
12880,12880
1298,1298
12995,12995
13198,13198
13225,13225
13272,13272
13286,13286
13292,13292
13293,13293
13391,13391
13533,13533
13667,13667
13762,13762
13786,13786
13803,13803
13807,13807
13824,13824
13990,13990
13992,13992
14068,14068
1423,1423
14313,14313
14412,14412
14424,14424
14531,14531
14569,14569
14596,14596
14631,14631
14677,14677
14752,14752
14765,14765
14792,14792
14836,14836
14852,14852
14891,14891
15000,15000
15177,15177
15186,15186
15253,15253
15390,15390
15416,15416
15527,15527
1558,1558
15651,15651
15719,15719
15725,15725
15798,15798
15812,15812
15940,15940
16028,16028
16054,16054
16062,16062
1616,1616
16215,16215
16229,16229
16258,16258
163,163
16303,16303
16536,16536
16543,16543
16667,16667
16705,16705
16753,16753
16771,16771
16835,16835
16888,16888
16944,16944
17016,17016
17069,17069
17091,17091
17224,17224
1723,1723
17232,17232
17306,17306
17360,17360
17394,17394
17469,17469
17565,17565
17576,17576
17577,17577
17605,17605
17635,17635
17643,17643
17663,17663
17678,17678
17697,17697
17714,17714
17851,17851
17873,17873
17878,17878
17891,17891
18034,18034
18130,18130
18131,18131
1816,1816
18377,18377
18413,18413
18448,18448
18492,18492
18493,18493
18757,18757
18761,18761
18816,18816
18839,18839
18860,18860
1889,1889
18923,18923
18935,18935
18958,18958
19136,19136
19164,19164
19173,19173
19205,19205
1921,1921
19218,19218
19251,19251
19261,19261
19331,19331
19429,19429
19547,19547
19604,19604
19634,19634
19651,19651
19740,19740
19764,19764
20032,20032
20120,20120
20467,20467
20677,20677
20702,20702
20755,20755
20909,20909
20918,20918
20941,20941
20958,20958
20964,20964
21045,21045
21389,21389
21646,21646
21806,21806
21914,21914
22022,22022
22077,22077
2208,2208
22206,22206
22443,22443
22479,22479
22498,22498
22547,22547
22627,22627
22633,22633
22896,22896
22901,22901
230,230
23044,23044
23090,23090
23144,23144
23251,23251
23279,23279
23299,23299
23303,23303
23413,23413
23576,23576
23654,23654
23687,23687
23697,23697
23701,23701
23779,23779
23801,23801
23840,23840
23876,23876
24015,24015
24340,24340
24416,24416
24426,24426
24448,24448
24457,24457
24499,24499
24540,24540
24598,24598
24602,24602
2466,2466
24666,24666
24725,24725
24777,24777
24840,24840
24853,24853
2490,2490
25018,25018
25055,25055
25129,25129
25163,25163
25395,25395
25401,25401
25438,25438
25564,25564
25687,25687
25711,25711
25754,25754
2583,2583
25853,25853
2594,2594
25954,25954
25993,25993
26051,26051
2625,2625
26259,26259
26297,26297
26490,26490
26529,26529
26557,26557
26568,26568
26675,26675
26763,26763
26859,26859
27037,27037
27161,27161
27197,27197
27198,27198
2729,2729
27295,27295
27300,27300
27334,27334
27475,27475
27823,27823
28199,28199
28201,28201
28290,28290
28299,28299
28335,28335
28336,28336
28340,28340
2837,2837
28454,28454
28514,28514
28551,28551
28615,28615
28767,28767
2884,2884
28912,28912
29054,29054
29082,29082
29204,29204
29228,29228
29248,29248
29334,29334
29412,29412
29424,29424
29430,29430
29506,29506
29513,29513
29653,29653
29670,29670
29728,29728
29799,29799
29844,29844
29846,29846
29972,29972
30053,30053
30239,30239
30266,30266
30337,30337
3054,3054
30594,30594
30725,30725
30864,30864
31031,31031
31097,31097
3123,3123
31337,31337
314,314
31537,31537
3157,3157
31586,31586
31596,31596
31890,31890
31894,31894
31939,31939
32072,32072
32142,32142
32274,32274
32309,32309
32405,32405
3244,3244
32449,32449
32454,32454
32570,32570
32593,32593
32877,32877
3289,3289
32945,32945
33044,33044
33110,33110
33150,33150
33154,33154
33293,33293
333,333
33484,33484
33493,33493
33585,33585
33603,33603
3367,3367
33689,33689
337,337
33780,33780
33787,33787
33825,33825
33832,33832
33860,33860
33920,33920
33924,33924
33961,33961
33963,33963
34002,34002
34108,34108
34314,34314
34316,34316
34391,34391
34442,34442
3455,3455
34582,34582
34612,34612
34691,34691
34708,34708
34786,34786
34812,34812
34843,34843
34987,34987
35000,35000
35152,35152
35249,35249
35263,35263
35418,35418
35734,35734
35744,35744
35782,35782
35809,35809
35845,35845
35936,35936
35951,35951
35972,35972
35985,35985
36043,36043
36044,36044
36177,36177
36209,36209
36253,36253
36358,36358
36472,36472
365,365
36512,36512
36577,36577
36656,36656
36794,36794
36873,36873
3718,3718
37197,37197
37210,37210
37351,37351
37402,37402
37458,37458
37484,37484
37571,37571
37614,37614
37697,37697
37801,37801
37825,37825
37923,37923
38005,38005
38085,38085
38103,38103
38145,38145
38199,38199
38314,38314
38375,38375
38399,38399
38495,38495
38498,38498
38668,38668
38719,38719
38860,38860
38863,38863
38952,38952
38962,38962
39022,39022
39045,39045
39138,39138
39420,39420
3950,3950
39612,39612
39703,39703
39754,39754
3978,3978
39781,39781
39787,39787
39863,39863
39900,39900
39944,39944
40101,40101
40200,40200
4041,4041
40516,40516
40593,40593
40686,40686
40706,40706
40731,40731
40814,40814
4085,4085
40885,40885
40941,40941
40969,40969
40982,40982
41,41
41024,41024
41088,41088
41128,41128
4113,4113
41145,41145
41218,41218
4129,4129
4146,4146
41536,41536
41540,41540
41590,41590
41854,41854
42030,42030
42154,42154
42196,42196
42286,42286
42314,42314
42401,42401
42483,42483
42485,42485
42499,42499
42565,42565
42668,42668
42780,42780
42807,42807
42871,42871
42972,42972
42995,42995
43091,43091
43105,43105
43140,43140
43218,43218
43233,43233
43325,43325
4335,4335
4347,4347
43552,43552
43699,43699
43853,43853
4388,4388
43919,43919
44002,44002
44009,44009
44011,44011
44101,44101
44157,44157
44235,44235
44248,44248
44261,44261
4428,4428
44303,44303
44307,44307
44335,44335
44481,44481
44495,44495
44496,44496
44580,44580
44586,44586
4461,4461
44716,44716
44776,44776
4481,4481
44873,44873
44946,44946
44980,44980
44997,44997
45046,45046
45076,45076
45106,45106
45134,45134
45139,45139
45218,45218
45241,45241
45277,45277
45332,45332
45350,45350
4559,4559
4563,4563
45638,45638
45663,45663
45730,45730
45775,45775
4582,4582
45909,45909
45975,45975
4599,4599
46147,46147
46299,46299
46459,46459
46562,46562
46611,46611
46671,46671
46695,46695
4679,4679
46883,46883
46941,46941
47050,47050
47069,47069
47113,47113
47240,47240
47253,47253
47484,47484
47503,47503
47593,47593
47721,47721
47757,47757
47807,47807
47919,47919
4795,4795
4799,4799
48151,48151
48331,48331
48334,48334
48336,48336
4839,4839
48425,48425
48459,48459
48512,48512
48552,48552
48593,48593
48757,48757
48986,48986
49038,49038
49078,49078
49128,49128
49148,49148
49172,49172
49239,49239
49276,49276
49429,49429
49498,49498
49518,49518
49564,49564
49793,49793
49801,49801
4994,4994
50333,50333
50335,50335
50352,50352
50377,50377
50449,50449
50454,50454
50701,50701
50736,50736
50749,50749
50886,50886
50907,50907
50925,50925
50969,50969
50991,50991
51106,51106
51149,51149
51166,51166
51198,51198
51219,51219
51338,51338
51370,51370
51389,51389
51391,51391
51394,51394
51551,51551
51575,51575
51784,51784
51803,51803
51828,51828
51964,51964
52165,52165
52166,52166
52184,52184
52278,52278
5234,5234
52363,52363
52395,52395
52553,52553
52562,52562
52578,52578
52661,52661
52794,52794
52844,52844
52890,52890
52930,52930
52959,52959
53075,53075
53130,53130
53166,53166
53269,53269
53304,53304
53316,53316
5351,5351
53586,53586
53635,53635
53748,53748
53760,53760
53849,53849
53853,53853
53877,53877
53901,53901
53996,53996
54060,54060
54247,54247
5430,5430
54328,54328
54409,54409
54428,54428
545,545
5461,5461
54722,54722
54777,54777
54854,54854
54906,54906
54911,54911
55186,55186
55200,55200
55242,55242
55308,55308
55405,55405
55468,55468
55486,55486
5564,5564
55755,55755
55791,55791
55909,55909
55921,55921
55997,55997
56005,56005
56127,56127
56278,56278
56331,56331
5644,5644
56489,56489
56505,56505
56549,56549
56634,56634
56654,56654
56713,56713
56730,56730
56754,56754
56868,56868
56875,56875
56900,56900
56949,56949
56999,56999
5700,5700
57038,57038
57170,57170
57197,57197
57222,57222
5726,5726
57335,57335
57419,57419
57427,57427
57503,57503
5754,5754
57607,57607
57778,57778
57798,57798
57859,57859
58016,58016
58017,58017
5816,5816
58225,58225
58240,58240
58424,58424
58568,58568
58616,58616
58841,58841
58854,58854
58867,58867
58904,58904
58905,58905
58931,58931
58936,58936
58998,58998
59203,59203
59215,59215
59219,59219
5937,5937
59414,59414
5952,5952
59527,59527
59629,59629
59667,59667
5969,5969
5978,5978
59948,59948
59954,59954
59960,59960
59976,59976
60126,60126
60167,60167
60193,60193
60236,60236
60280,60280
60315,60315
60529,60529
60580,60580
60620,60620
60667,60667
60721,60721
60814,60814
60950,60950
61001,61001
61198,61198
61264,61264
61338,61338
61378,61378
61620,61620
61651,61651
61712,61712
6175,6175
61767,61767
61804,61804
6183,6183
61896,61896
61987,61987
61993,61993
6214,6214
62181,62181
62193,62193
62223,62223
62255,62255
62297,62297
62392,62392
624,624
62466,62466
62595,62595
62599,62599
62624,62624
62675,62675
62700,62700
62862,62862
62863,62863
62894,62894
62977,62977
6315,6315
63197,63197
63234,63234
63309,63309
63326,63326
63380,63380
63431,63431
6358,6358
6371,6371
63743,63743
63817,63817
63868,63868
64073,64073
64107,64107
64239,64239
64276,64276
64359,64359
64410,64410
64433,64433
64459,64459
64473,64473
64486,64486
64500,64500
64789,64789
64993,64993
65011,65011
65013,65013
65082,65082
65237,65237
65247,65247
65277,65277
65358,65358
65391,65391
65438,65438
65482,65482
65543,65543
65822,65822
65844,65844
6627,6627
66295,66295
66375,66375
66379,66379
66384,66384
66405,66405
66407,66407
6644,6644
66531,66531
66673,66673
6672,6672
6678,6678
66815,66815
66928,66928
66954,66954
67017,67017
67107,67107
67148,67148
67197,67197
67287,67287
67292,67292
67298,67298
67336,67336
67342,67342
67369,67369
67396,67396
67483,67483
67516,67516
67582,67582
67621,67621
67736,67736
67869,67869
67896,67896
68,68
68039,68039
68048,68048
682,682
68292,68292
68486,68486
68527,68527
68538,68538
68565,68565
6860,6860
68734,68734
68745,68745
68818,68818
68923,68923
69028,69028
69040,69040
69136,69136
69143,69143
69157,69157
69174,69174
6939,6939
69472,69472
69494,69494
69557,69557
69795,69795
69911,69911
69933,69933
70094,70094
70126,70126
7015,7015
70225,70225
70236,70236
70312,70312
7034,7034
70526,70526
70542,70542
70559,70559
7057,7057
70666,70666
70753,70753
70781,70781
70900,70900
70985,70985
70988,70988
7119,7119
71244,71244
71306,71306
71328,71328
71368,71368
71489,71489
71572,71572
71610,71610
71798,71798
71833,71833
7191,7191
71938,71938
71948,71948
71958,71958
71967,71967
71983,71983
72033,72033
7205,7205
72126,72126
72167,72167
72187,72187
72189,72189
7221,7221
72214,72214
72241,72241
72308,72308
72332,72332
72534,72534
72658,72658
72753,72753
72800,72800
72925,72925
7296,7296
72977,72977
72983,72983
73045,73045
73397,73397
73434,73434
73441,73441
73443,73443
73566,73566
73605,73605
73629,73629
73672,73672
73815,73815
73828,73828
7405,7405
74051,74051
74059,74059
74090,74090
74261,74261
74264,74264
74284,74284
74375,74375
74471,74471
74512,74512
74615,74615
74648,74648
74694,74694
7470,7470
74738,74738
74890,74890
74918,74918
75059,75059
75127,75127
75140,75140
75182,75182
75219,75219
75230,75230
75259,75259
7527,7527
75272,75272
75281,75281
75353,75353
75364,75364
75411,75411
75463,75463
7547,7547
75513,75513
75560,75560
75654,75654
75678,75678
7569,7569
75711,75711
75713,75713
75781,75781
75824,75824
76072,76072
76171,76171
76181,76181
76206,76206
76220,76220
76258,76258
76262,76262
76286,76286
76336,76336
76389,76389
76465,76465
76605,76605
76725,76725
76793,76793
76892,76892
76921,76921
77125,77125
77167,77167
77173,77173
77292,77292
77363,77363
77449,77449
77481,77481
77705,77705
77877,77877
77894,77894
77951,77951
77977,77977
78062,78062
78177,78177
78178,78178
78209,78209
78226,78226
78250,78250
78520,78520
78566,78566
78568,78568
7860,7860
78643,78643
78647,78647
78757,78757
78770,78770
7882,7882
78880,78880
78881,78881
78896,78896
78917,78917
78947,78947
79044,79044
79073,79073
7908,7908
7911,7911
79139,79139
79160,79160
79180,79180
79213,79213
79450,79450
79549,79549
79692,79692
79742,79742
79792,79792
79800,79800
79803,79803
79871,79871
80058,80058
80096,80096
80107,80107
80155,80155
80292,80292
80309,80309
80403,80403
80433,80433
80460,80460
80508,80508
80521,80521
80568,80568
80729,80729
80752,80752
80789,80789
80793,80793
80814,80814
8159,8159
819,819
8289,8289
8291,8291
8317,8317
848,848
8526,8526
8577,8577
8656,8656
8689,8689
8758,8758
8768,8768
8904,8904
8936,8936
8973,8973
9031,9031
9084,9084
9266,9266
9528,9528
960,960
9661,9661
9765,9765
986,986
9872,9872
9889,9889
9939,9939
9950,9950
9991,9991
